1966634
34674516
34973533
34996819
35075859
35258629
35315136
35337932
35359909
35394244
35462115
35464755
35508959
35574858
35578516
35581229
35584031
35584605
35585225
35588011
35588600
35589992
35596058
35596179
35598207
35599172
35604170
35604414
35606264
35609600
35610485
35615516
35621658
35627366
35629283
35630731
35631807
35633052
35636288
35644725
35646617
35647673
35650206
35651500
35653266
35655700
35661518
35662777
35664117
35667235
35670663
35670812
35676741
35687063
35697913
35700650
35701425
35704944
35705258
35705422
35706332
35706425
35706708
35708720
35709278
35709961
35713780
35714293
35714706
35714835
35715280
35715396
35715630
35715647
35715814
35717061
35717110
35717276
35717414
35717427
35719204
35719823
35722191
35722770
35723376
6967446
745935
